395.5 265.7 246 390.6 326.4 136 370.8 404.2 179 341.2 402.5 433 388.4 461.9 273 452.5 315.9 183 658.3 461.8 181 315 526.8 60 626.3 498.8 149 212.7 218.1 175 375.6 137.8 146 191.7 197.1 71 
392.6 344.3 200 311.6 382 451 430.6 374.4 516 318.8 387.5 228 459.9 338.4 327 497.5 355.2 377 
320 328 276 372.1 377.9 352 415.5 315.4 247 268.2 149.1 337 198.1 172.5 135 348.8 94.4 374 533 64.2 174 764.6 175 238 
367.4 293.6 134 413.4 374 98 324.2 426.5 181 276.9 405 346 442.4 317 252 361.6 353.4 259 163.2 225.5 206 177.3 207.8 83 376.3 105.4 256 345.9 128.1 146 335.4 133.7 140 
370 366.8 213 386.9 424.3 207 196.5 252.9 239 391 173.9 277 331.4 151.1 226 361.3 120.6 163 338.4 124.1 292 449.1 288.7 223 
252.6 173.9 193 331.2 350.1 236 429.3 298.2 277 350.2 98.9 418 212.9 192 237 372.5 355.7 183 665 419.5 193 631 74.5 300 
417.4 294.7 133 391.2 379.2 170 347.9 391.3 190 308.5 392.8 212 283.3 387.6 152 162.5 208.2 203 318.7 111.9 232 337.2 109.1 189 563.9 70.9 211 754.5 176.5 276 
374.3 236.2 247 363.1 82.8 245 200 193.8 249 61.5 410.2 180 199.8 223 214 387 356.3 281 391.1 442.6 132 288.5 415.3 179 672.2 438.5 220 767.9 159.2 203 
331.3 336.5 272 317.1 370.3 200 441.9 323.3 120 447.7 111.9 142 368.1 91.6 247 366.3 48.3 174 552.8 60.5 162 740.6 141.4 278 739.9 316 86 675 401.5 175 
317.5 319.5 163 270.5 189.6 173 332.2 96.4 205 213.8 78.8 193 205 161.4 87 389.3 332 429 372.7 447.4 224 360.8 369.3 194 498.1 376.4 162 
352.6 184.6 468 422.3 283.3 245 297.9 380.7 265 346.1 174.3 167 356.6 150.7 171 348.4 143 941 380.5 125.3 134 
379.8 376.9 99 373.9 432.9 290 369.4 386.4 145 331.8 362.5 344 286 388.3 190 267.2 392.2 156 427.3 323.2 72 390.4 432.8 20 391.4 433.3 43 351.4 429 44 203.6 219.8 174 407.8 129.8 137 
240.7 224.7 121 341.2 339.7 138 120.6 432 148 338.9 375.7 196 343.4 97.9 338 580.3 107.9 147 454.3 341 218 386.1 456.6 91 658 472.4 353 291 393 127 
405.6 325.6 69 340.2 406.7 184 168 219.2 217 189.6 188.9 122 362 101 252 348.3 116.8 173 769.7 180 434 705.5 515.9 233 
